	X	Y
	100	0.00
	200	0.22
	300	0.34
	400	0.49
	500	0.59
	600	0.74
	700	0.83
	800	0.90
	900	0.93
	1000	0.95
	1100	0.98
	1200	0.98
	1300	0.99
	1400	1.00
	1500	1.00
	1600	1.00
	1700	1.01
	1800	1.01
	1900	1.00
	2000	1.00
	2100	1.00
	2200	1.00
	2300	1.00
	2400	1.00
	2500	1.00
	2600	1.00
	2700	1.00
	2800	1.00
	2900	1.00
	3000	1.00
	3100	1.00
	3200	1.00
	3300	1.00
	3400	1.00
	3500	1.00
	3600	1.00
	3700	1.00
	3800	1.00
	3900	1.00
	4000	1.00
	4100	1.00
	4200	1.00
	4300	1.00
	4400	1.00
	4500	1.00
	4600	1.00
	4700	1.00
	4800	1.00
	4900	1.00
	5000	0.00
	5100	1.01
	5200	1.01
	5300	1.00
	5400	1.00
	5500	1.00
	5600	1.00
	5700	1.00
	5800	1.00
	5900	1.00
	6000	1.00
	6100	1.00
	6200	1.00
	6300	1.00
	6400	1.00
	6500	1.00
	6600	1.00
	6700	1.00
	6800	1.00
	6900	1.00
	7000	0.94
	7100	0.93
	7200	0.93
	7300	0.89
	7400	0.85
	7500	0.87
	7600	0.92
	7700	0.95
	7800	0.97
	7900	0.99
	8000	0.97
	8100	0.97
	8200	0.97
	8300	0.97
	8400	0.97
	8500	1.00
	8600	1.00
	8700	1.00
	8800	1.00
	8900	0.97
	9000	0.93
	9100	0.92
	9200	0.96
	9300	0.95
	9400	0.94
	9500	0.97
	9600	1.01
	9700	1.03
	9800	1.05
	9900	1.07
	10000	0.00
	10100	0.96
	10200	0.98
	10300	0.98
	10400	1.00
	10500	1.00
	10600	0.96
	10700	0.95
	10800	0.94
	10900	0.94
	11000	0.95
	11100	0.97
	11200	0.97
	11300	0.95
	11400	0.98
	11500	0.99
	11600	0.95
	11700	0.96
	11800	1.03
	11900	1.11
	12000	1.14
	12100	1.16
	12200	1.16
	12300	1.15
	12400	1.14
	12500	1.13
	12600	1.11
	12700	1.10
	12800	1.08
	12900	1.07
	13000	1.06
	13100	1.05
	13200	1.04
	13300	1.03
	13400	1.03
	13500	1.02
	13600	1.02
	13700	1.01
	13800	1.00
	13900	0.76
	14000	0.89
	14100	0.95
	14200	0.99
	14300	1.02
	14400	1.03
	14500	1.04
	14600	1.05
	14700	1.05
	14800	1.04
	14900	1.04
	15000	0.00
	15100	1.04
	15200	1.03
	15300	1.02
	15400	1.02
	15500	1.01
	15600	1.01
	15700	1.01
	15800	1.00
	15900	1.00
	16000	1.00
	16100	1.00
	16200	1.00
	16300	1.00
	16400	1.00
	16500	1.00
	16600	0.97
	16700	0.97
	16800	0.95
	16900	0.95
	17000	0.95
	17100	0.95
	17200	0.97
	17300	0.97
	17400	0.98
	17500	1.00
	17600	1.01
	17700	1.02
	17800	1.02
	17900	1.00
	18000	1.00
	18100	0.99
	18200	0.99
	18300	1.00
	18400	1.00
	18500	1.00
	18600	0.98
	18700	0.99
	18800	0.99
	18900	1.01
	19000	1.02
	19100	0.99
	19200	0.97
	19300	0.96
	19400	0.97
	19500	0.98
	19600	0.96
	19700	0.98
	19800	0.96
	19900	0.98
	20000	0.00
	20100	0.92
	20200	0.94
	20300	0.96
	20400	0.95
	20500	0.97
	20600	1.00
	20700	1.01
	20800	1.02
	20900	1.03
	21000	1.03
	21100	1.01
	21200	1.00
	21300	1.01
	21400	1.01
	21500	1.02
	21600	1.02
	21700	0.98
	21800	0.95
	21900	0.95
	22000	0.96
	22100	0.98
	22200	1.01
	22300	1.02
	22400	1.02
	22500	1.02
	22600	1.03
	22700	1.04
	22800	1.04
	22900	1.04
	23000	1.04
	23100	1.02
	23200	1.04
	23300	1.05
	23400	1.05
	23500	1.05
	23600	1.05
	23700	1.04
	23800	1.04
	23900	1.03
	24000	1.03
	24100	1.02
	24200	1.02
	24300	1.01
	24400	1.01
	24500	1.01
	24600	1.01
	24700	1.01
	24800	1.01
	24900	1.01
	25000	0.00
	25100	1.01
	25200	1.01
	25300	1.00
	25400	1.00
	25500	1.00
	25600	1.00
	25700	1.00
	25800	1.00
	25900	1.00
	26000	1.00
	26100	1.00
	26200	1.00
	26300	1.00
	26400	1.00
	26500	1.00
	26600	0.99
	26700	1.00
	26800	0.93
	26900	0.89
	27000	0.90
	27100	0.92
	27200	0.87
	27300	0.89
	27400	0.89
	27500	0.87
	27600	0.86
	27700	0.83
	27800	0.89
	27900	0.88
	28000	0.84
	28100	0.82
	28200	0.90
	28300	1.01
	28400	1.05
	28500	1.03
	28600	0.97
	28700	1.02
	28800	1.07
	28900	1.09
	29000	1.08
	29100	1.09
	29200	0.99
	29300	0.85
	29400	0.93
	29500	1.01
	29600	1.08
	29700	1.08
	29800	1.10
	29900	1.08
	30000	0.00
	30100	0.96
	30200	1.03
	30300	1.07
	30400	1.09
	30500	1.10
	30600	1.10
	30700	1.09
	30800	1.08
	30900	1.08
	31000	1.07
	31100	1.06
	31200	1.05
	31300	1.04
	31400	1.04
	31500	1.03
	31600	1.02
	31700	1.02
	31800	1.02
	31900	1.01
	32000	1.01
	32100	1.01
	32200	1.01
	32300	1.00
	32400	1.00
	32500	1.00
	32600	1.00
	32700	1.00
	32800	1.00
	32900	1.00
	33000	1.00
	33100	1.00
	33200	1.00
	33300	1.00
	33400	1.00
	33500	1.00
	33600	1.00
	33700	1.00
	33800	1.00
	33900	1.00
	34000	1.00
	34100	1.00
	34200	1.22
	34300	1.22
	34400	1.22
	34500	1.22
	34600	1.22
	34700	1.22
	34800	1.22
	34900	1.22
	35000	0.00
