#	X	Y
	100	0.00
	200	0.00
	300	0.20
	400	0.50
	500	0.60
	600	0.75
	700	0.83
	800	0.89
	900	0.93
	1000	0.95
	1100	0.97
	1200	0.98
	1300	0.99
	1400	1.00
	1500	1.00
	1600	1.00
	1700	1.00
	1800	1.00
	1900	1.00
	2000	1.00
	2100	1.00
	2200	1.00
	2300	1.00
	2400	1.01
	2500	1.00
	2600	1.00
	2700	1.00
	2800	1.00
	2900	1.00
	3000	1.00
	3100	1.00
	3200	1.00
	3300	1.00
	3400	1.00
	3500	1.00
	3600	1.00
	3700	1.00
	3800	1.00
	3900	1.00
	4000	1.00
	4100	1.00
	4200	1.00
	4300	1.00
	4400	1.00
	4500	1.00
	4600	1.00
	4700	1.00
	4800	1.00
	4900	1.00
	5000	0.00
	5100	1.03
	5200	1.02
	5300	1.01
	5400	1.00
	5500	1.00
	5600	1.00
	5700	0.99
	5800	1.00
	5900	1.00
	6000	1.00
	6100	1.00
	6200	1.00
	6300	1.00
	6400	1.00
	6500	1.00
	6600	1.00
	6700	1.00
	6800	1.00
	6900	1.00
	7000	1.00
	7100	1.00
	7200	1.00
	7300	1.00
	7400	1.00
	7500	1.00
	7600	1.00
	7700	1.00
	7800	1.00
	7900	1.00
	8000	1.00
	8100	1.00
	8200	1.00
	8300	1.00
	8400	1.00
	8500	1.00
	8600	1.00
	8700	1.00
	8800	1.00
	8900	1.00
	9000	1.00
	9100	1.00
	9200	1.00
	9300	1.00
	9400	1.00
	9500	1.00
	9600	1.00
	9700	1.00
	9800	1.00
	9900	1.00
	10000	0.00
	10100	1.00
	10200	1.00
	10300	1.00
	10400	1.00
	10500	1.00
	10600	1.00
	10700	1.00
	10800	1.00
	10900	1.00
	11000	1.00
	11100	1.00
	11200	1.00
	11300	1.00
	11400	1.00
	11500	1.00
	11600	1.00
	11700	1.00
	11800	1.00
	11900	1.00
	12000	1.00
	12100	1.00
	12200	1.00
	12300	1.00
	12400	1.00
	12500	1.00
	12600	1.00
	12700	1.00
	12800	1.00
	12900	1.00
	13000	1.00
	13100	1.00
	13200	1.00
	13300	1.00
	13400	1.00
	13500	1.00
	13600	1.00
	13700	1.00
	13800	1.00
	13900	1.00
	14000	1.00
	14100	1.00
	14200	1.00
	14300	1.00
	14400	1.00
	14500	1.00
	14600	1.00
	14700	1.00
	14800	1.00
	14900	1.00
	15000	0.00
	15100	0.98
	15200	0.98
	15300	0.99
	15400	0.99
	15500	0.99
	15600	1.00
	15700	1.00
	15800	0.99
	15900	0.99
	16000	1.00
	16100	0.99
	16200	1.00
	16300	1.00
	16400	1.00
	16500	1.00
	16600	1.00
	16700	1.00
	16800	1.00
	16900	1.00
	17000	1.00
	17100	1.00
	17200	1.00
	17300	1.00
	17400	1.00
	17500	1.00
	17600	1.00
	17700	1.00
	17800	1.00
	17900	1.00
	18000	1.00
	18100	1.00
	18200	1.00
	18300	1.00
	18400	1.00
	18500	1.00
	18600	1.00
	18700	1.00
	18800	1.00
	18900	1.00
	19000	1.00
	19100	1.00
	19200	1.00
	19300	1.00
	19400	1.00
	19500	1.00
	19600	1.00
	19700	1.00
	19800	1.00
	19900	1.00
	20000	0.00
	20100	0.98
	20200	0.98
	20300	0.99
	20400	0.99
	20500	0.99
	20600	0.99
	20700	1.00
	20800	0.99
	20900	1.00
	21000	1.00
	21100	1.00
	21200	1.00
	21300	1.00
	21400	1.00
	21500	1.00
	21600	1.00
	21700	1.00
	21800	1.00
	21900	1.00
	22000	1.00
	22100	1.00
	22200	1.00
	22300	1.00
	22400	1.00
	22500	1.00
	22600	1.00
	22700	1.00
	22800	1.00
	22900	1.00
	23000	1.00
	23100	1.00
	23200	1.00
	23300	1.00
	23400	1.00
	23500	1.00
	23600	1.00
	23700	1.00
	23800	1.00
	23900	1.00
	24000	1.00
	24100	1.00
	24200	1.00
	24300	1.00
	24400	1.00
	24500	1.00
	24600	1.00
	24700	1.00
	24800	1.00
	24900	1.00
	25000	0.00
	25100	0.98
	25200	0.99
	25300	0.99
	25400	0.99
	25500	0.99
	25600	0.99
	25700	1.00
	25800	1.00
	25900	1.00
	26000	1.00
	26100	1.00
	26200	1.00
	26300	1.00
	26400	1.00
	26500	1.00
	26600	1.00
	26700	1.00
	26800	1.00
	26900	1.00
	27000	1.00
	27100	1.00
	27200	1.00
	27300	1.00
	27400	1.00
	27500	1.00
	27600	1.00
	27700	1.00
	27800	1.00
	27900	1.00
	28000	1.00
	28100	1.00
	28200	1.00
	28300	1.00
	28400	1.00
	28500	1.00
	28600	1.00
	28700	1.00
	28800	1.00
	28900	1.00
	29000	1.00
	29100	1.00
	29200	1.00
	29300	1.00
	29400	1.00
	29500	1.00
	29600	1.00
	29700	1.00
	29800	1.00
	29900	1.00
	30000	0.00
	30100	0.98
	30200	0.98
	30300	0.98
	30400	0.99
	30500	0.99
	30600	1.85
	30700	0.98
	30800	0.99
	30900	0.99
	31000	0.99
	31100	0.99
	31200	0.99
	31300	0.99
	31400	0.99
	31500	0.99
	31600	0.99
	31700	0.98
	31800	0.98
	31900	0.98
	32000	0.99
	32100	0.99
	32200	0.99
	32300	0.99
	32400	0.99
	32500	0.99
	32600	0.99
	32700	0.99
	32800	1.00
	32900	1.00
	33000	1.00
	33100	1.00
	33200	1.00
	33300	1.00
	33400	1.00
	33500	1.00
	33600	1.00
	33700	1.00
	33800	1.00
	33900	1.00
	34000	1.00
	34100	1.00
	34200	1.00
	34300	1.00
	34400	1.00
	34500	1.00
	34600	1.00
	34700	1.00
	34800	1.00
	34900	1.00
	35000	0.00
